34 3
34 -0.134585 -0.156725 0.134384
1 -0.227190 -0.257435 0.193126
33 -0.032055 -0.146459 0.047719
3 -0.191037 -0.039693 0.178959
2 0.113745 -0.044228 -0.024523
32 -0.104753 -0.165156 -0.147131
24 0.074929 0.033310 0.136479
4 -0.026126 0.127197 0.013605
7 0.122141 -0.038165 -0.124535
14 -0.087513 -0.125642 0.170259
6 -0.001280 -0.117762 0.067437
9 -0.080661 -0.029690 -0.121876
8 0.013156 -0.166687 0.094543
11 -0.158559 -0.141824 0.078577
28 -0.161457 -0.154394 0.184728
30 0.116825 -0.177337 -0.121577
5 -0.001884 -0.194658 -0.149377
31 0.051402 0.010506 0.142152
25 -0.133717 -0.088438 -0.092647
26 0.117824 0.066508 0.043478
23 0.011407 0.090770 -0.146130
21 -0.154548 0.118348 0.025606
19 0.136063 -0.102859 0.152928
15 -0.157938 -0.107689 0.119932
29 -0.047922 -0.016473 -0.091404
17 -0.029280 -0.057650 0.040983
27 0.078676 -0.184259 -0.101229
20 -0.035250 -0.086016 0.010858
10 0.020747 -0.040255 -0.076603
18 0.047360 -0.001121 -0.132652
16 -0.033729 0.032415 0.045654
22 0.093032 -0.102830 -0.026174
13 0.096796 -0.015483 0.070206
12 -0.186086 -0.179484 0.034359
